1234
2
34
5
9
2234
2
4999
2456
1000
456
678
3333
4998
489
1789
3545
2389
45
654
876
2345
789
234
890
4567
765
123
8765
876
321
9876
543
7890
2345
6789
1234
5678
9123
3456
7890
2345
6789
3456
2345
6789
3456
9876
6543
7890
2345
6789
3456
7890
3456
7890
4567
6543
3456
7890
1234
5678
9123
3456
7890
2345
6789
3456
2345
6789
3456
9876
6543
7890
2345
6789
3456
7890
3456
7890
4567
6543
3456
7890
1234
5678
9123
3456
7890
2345
6789
3456
2345
6789
3456
9876
6543
7890
2345
6789
3456
7890
3456
7890
4567
6543
3456
7890
9876
6543
7890
2345
6789
3456
7890
3456
7890
4567
6543
3456
7890
1234
5678
9123
3456
7890
2345
6789
3456
2345
6789
3456
9876
6543
7890
2345
6789
3456
7890
3456
7890
4567
6543
3456
7890
1234
5678
9123
3456
7890
2345
6789
3456
2345
6789
3456
9876
6543
7890
2345
6789
3456
7890
3456
7890
4567
6543
3456
7890
1234
5678
9123
3456
7890
2345
6789
3456
2345
6789
3456
9876
6543
7890
2345
6789
3456
7890
3456
7890
4567
6543
3456
7890
1234
5678
9123
3456
7890
2345
6789
3456
2345
6789
3456
9876
6543
7890
2345
6789
3456
7890
3456
7890
4567
6543
3456
234
389
127
4083
189
2764
421
893
3490
165
2745
789
2345
120
897
432
876
2349
543
2309
498
1024
365
987
2134
237
896
450
785
320
483
921
1876
4901
2389
674
2435
1432
789
3678
234
1098
876
2134
589
1234
976
2365
459
1578
210
678
3412
189
2345
671
1673
890
365
672
987
120
456
219
785
2345
1098
876
987
543
765
143
498
674
1876
543
2378
456
897
2389
210
341
934
509
126
789
2365
1209
678
1098
2134
785
234
456
367
127
890
987
1098
2134
219
387
169
442
294
107
485
2435
368
421
209
189
2378
1098
456
127
2345
890
365
672
987
120
456
219
785
2345
1098
876
987
543
765
143
498
674
1876
543
2378
456
897
2389
210
341
934
509
126
789
2365
1209
678
1098
2134
785
234
456
367
127
890
987
1098
2134
219
387
169
442
294
107
485
2435
368
421
209
189
2378
1098
456
127
2345
890
365
672
987
120
456
219
785
2345
1098
876
987
543
765
143
498
674
1876
543
2378
456
897
2389
210
341
934
509
126
789
2365
1209
678
1098
2134
785
234
981
657
342
189
2378
1098
456
127
2345
890
365
672
987
120
456
219
785
2345
1098
876
987
543
765
143
498
674
1876
543
2378
456
897
2389
210
341
934
509
126
789
2365
1209
678
1098
2134
785
234
456
367
127
890
987
1098
2134
219
387
169
442
294
107
485
2435
368
421
209
189
2378
1098
456
127
2345
890
365
672
987
120
456
219
785
2345
1098
876
987
543
765
143
498
674
1876
543
2378
456
897
2389
210
341
934
509
126
789
2365
1209
678
1098
2134
785
234
456
367
127
890
987
1098
2134
219
387
169
442
294
107
485
2435
368
421
209
189
2378
1098
456
127
2345
890
365
672
987
120
456
219
785
2345
1098
876
987
543
765
143
498
674
1876
543
2378
456
897
2389
210
341
934
509
126
789
2365
1209
678
1098
2134
785
234
456
367
127
890
987
1098
2134
219
387
169
442
294
107
485
2435
368
421
209
189
2378
1098
456
127
2345
890
365
672
987
120
456
219
785
2345
1098
876
987
543
765
143
498
674
1876
543
2378
456
897
2389
210
341
934
509
126
789
2365
1209
678
1098
2134
785
234
981
657
342
189
2378
1098
456
127
2345
890
365
672
987
120
456
219
785
2345
1098
876
987
543
765
143
498
674
1876
543
2378
456
897
2389
210
341
934
509
126
789
2365
1209
678
1098
2134
785
234
456
367
127
890
987
1098
2134
219
387
169
442
294
107
485
2435
368
421
209
189
2378
1098
456
127
2345
890
365
672
987
120
456
219
785
2345
1098
876
987
543
765
143
498
674
1876
543
2378
456
897
2389
210
341
934
509
126
789
2365
1209
678
1098
2134
785
234
456
367
127
890
987
1098
2134
219
387
169
442
294
107
485
2435
368
421
209
189
2378
1098
456
127
2345
890
365
672
987
120
456
219
785
2345
1098
876
987
543
765
143
498
674
1876
543
2378
456
897
2389
210
341
934
509
126
789
2365
1209
678
1098
2134
785
234
456
367
127
890
987
1098
2134
219
387
169
442
294
107
485
2435
368
421
209
189
2378
1098
456
127
2345
890
365
672
987
120
456
219
785
2345
1098
876
987
543
765
143
498
674
1876
543
2378
456
897
2389
210
341
934
509
126
789
2365
1209
678
1098
2134
785
234
456
367
127
890
987
1098
2134
219
387
169
442
294
107
485
2435
368
421
209
189
2378
1098
456
127
2345
890
365
672
987
120
456
219
785
2345
1098
876
987
543
765
143
498
674
1876
543
2378
456
897
2389
210
341
934
509
126
789
2365
1209
678
1098
2134
785
234
456
367
127
890
987
1098
2134
219
387
169
442
294
107
485
2435
368
421
209
189
2378
1098
456
127
2345
890
365
672
987
120
456
219
785
2345
1098
876
987
543
765
143
498
674
1876
543
2378
456
897
2389
210
341
934
509
126
789
2365
1209
678
1098
2134
785
3689
1597